0.000000 1.000000 2.000000 3.000000 4.000000 5.000000 6.000000 7.000000 8.000000 9.000000 
10.000000 11.000000 12.000000 13.000000 14.000000 15.000000 16.000000 17.000000 18.000000 19.000000 
0.650288 0.912945 -0.132352 -0.988032 -0.428183 0.745113 0.850904 27.000000 28.000000 29.000000 
0.826829 0.773891 -0.387782 -0.993889 -0.176076 0.893997 0.683262 37.000000 38.000000 39.000000 
0.974173 -0.841838 -0.551343 -0.896995 0.088369 0.980240 0.467745 47.000000 48.000000 49.000000 
0.967143 -0.770980 -0.970763 -0.271274 0.346621 0.997799 0.219455 57.000000 58.000000 59.000000 
0.974253 0.427607 -0.982228 0.719350 0.580587 0.945445 -0.044213 67.000000 68.000000 69.000000 
-0.977098 0.986857 -0.961987 0.889967 0.773872 0.826846 -0.304782 77.000000 78.000000 79.000000 
-0.439606 0.236400 -0.999890 -0.219267 0.912933 0.650311 -0.543996 87.000000 88.000000 89.000000 
-0.965731 -0.665203 -0.837469 -0.998901 0.988027 0.428210 -0.745093 97.000000 98.000000 99.000000 
