0.000000 1.000000 2.000000 3.000000 4.000000 5.000000 6.000000 7.000000 8.000000 9.000000 
0.000000 0.000000 0.000000 0.000000 0.000000 0.000000 0.000000 0.000000 0.000000 0.000000 
0.650288 0.912945 -0.132352 -0.988032 -0.428183 0.745113 0.850904 0.000000 0.000000 29.000000 
0.000000 0.000000 0.000000 0.000000 0.000000 0.000000 0.000000 0.000000 0.000000 39.000000 
0.974173 -0.841838 -0.551343 -0.896995 0.000000 0.000000 0.467745 0.000000 0.000000 49.000000 
0.000000 0.000000 0.000000 0.000000 0.000000 0.000000 0.219455 0.000000 0.000000 59.000000 
0.974253 0.000000 0.000000 0.719350 0.000000 0.000000 -0.044213 0.000000 0.000000 69.000000 
0.000000 0.000000 0.000000 0.889967 0.000000 0.000000 -0.304782 0.000000 0.000000 79.000000 
-0.439606 0.000000 0.000000 -0.219267 0.000000 0.000000 -0.543996 0.000000 0.000000 89.000000 
-0.965731 0.000000 0.000000 -0.998901 0.000000 0.000000 -0.745093 0.000000 0.000000 99.000000 
